Data info
File name: C:\Users\LattePanda\Documents\ConditionPanda\Scripts\AutomationData\LattePanda20210323195624.dxd
Start time: 3/23/2021 19:56:26.290
Number of channels: 1
Sample rate: 20000
Store type: fast on trigger
Post time: 62000


Data1

Time (s),AI 1/RMS (m/s2),
0.09995,0.02022155
0.19995,0.01964875
0.29995,0.01908623
0.39995,0.01922638
0.49995,0.02009995
0.59995,0.02032728
0.69995,0.02001662
0.79995,0.01955661
0.89995,0.01868786
0.99995,0.01780887
1.09995,0.01581371
1.19995,0.02455817
1.29995,0.01765864
1.39995,0.01793727
1.49995,0.01839192
1.59995,0.01914232
1.69995,0.01979760
1.79995,0.01883863
1.89995,0.01939928
1.99995,0.01872588
2.09995,0.01884884
2.19995,0.02001999
2.29995,0.01875775
2.39995,0.01755187
2.49995,0.05451776
2.59995,0.02438815
2.69995,0.02499683
2.79995,0.01898547
2.89995,0.01967081
2.99995,0.02056446
3.09995,0.02076096
3.19995,0.02211473
3.29995,0.02332473
3.39995,0.02322359
3.49995,0.02547175
3.59995,0.02767873
3.69995,0.02821863
3.79995,0.02903303
3.89995,0.03010964
3.99995,0.03179405
4.09995,0.03277738
4.19995,0.03397442
4.29995,0.03480640
4.39995,0.03422951
4.49995,0.03476096
4.59995,0.03589362
4.69995,0.03495772
4.79995,0.03657568
4.89995,0.03784913
4.99995,0.03724660
5.09995,0.03559912
5.19995,0.03597716
5.29995,0.03522786
5.39995,0.03463527
5.49995,0.03345035
5.59995,0.03129516
5.69995,0.03091599
5.79995,0.02816258
5.89995,0.02566078
5.99995,0.02373156
6.09995,0.02179425
6.19995,0.02117508
6.29995,0.01942539
6.39995,0.01948907
6.49995,0.02146940
6.59995,0.02187580
6.69995,0.02279657
6.79995,0.02438271
6.89995,0.02559881
6.99995,0.02557546
7.09995,0.02664282
7.19995,0.02683258
7.29995,0.02757892
7.39995,0.03217131
7.49995,0.02931223
7.59995,0.04367761
7.69995,0.03982872
7.79995,0.02841836
7.89995,0.02903286
7.99995,0.02888041
8.09995,0.02347382
8.19995,0.02307759
8.29995,0.02251902
8.39995,0.02041738
8.49995,0.01828787
8.59995,0.01824568
8.69995,0.01683641
8.79995,0.01741901
8.89995,0.01802549
8.99995,0.02565905
9.09995,0.04026148
9.19995,0.02567296
9.29995,0.06789996
9.39995,0.04534845
9.49995,0.08801822
9.59995,0.13777554
9.69995,0.11678513
9.79995,0.06590187
9.89995,0.03873555
9.99995,0.02465779
10.09995,0.48279482
10.19995,0.33531606
10.29995,0.31044710
10.39995,0.14009805
10.49995,0.16845846
10.59995,0.07517691
10.69995,0.18324710
10.79995,0.30966410
10.89995,0.29918534
10.99995,0.14270352
11.09995,0.26939231
11.19995,0.11877098
11.29995,0.01836716
11.39995,0.01834276
11.49995,0.01872515
11.59995,0.01918655
11.69995,0.01757765
11.79995,0.01694063
11.89995,0.01932420
11.99995,0.02637604
12.09995,0.01827804
12.19995,0.01645981
12.29995,0.02488924
12.39995,0.02833285
12.49995,0.01976337
12.59995,0.02923585
12.69995,0.02049352
12.79995,0.04490893
12.89995,0.04179931
12.99995,0.01904329
13.09995,0.01979226
13.19995,0.02073967
13.29995,0.01811687
13.39995,0.02028421
13.49995,0.02529371
13.59995,0.02205843
13.69995,0.27242184
13.79995,0.06324956
13.89995,0.32453042
13.99995,0.43414161
14.09995,0.39932907
14.19995,0.18325990
14.29995,0.21829747
14.39995,0.41354761
14.49995,0.30410546
14.59995,0.16188084
14.69995,0.02692462
14.79995,0.02237773
14.89995,0.02337913
14.99995,0.02316268
15.09995,0.02208265
15.19995,0.02152414
15.29995,0.02186028
15.39995,0.02235393
15.49995,0.02509350
15.59995,0.02168315
15.69995,0.02153060
15.79995,0.02086197
15.89995,0.02028849
15.99995,0.01985221
16.09995,0.06452316
16.19995,0.15511906
16.29995,0.07616992
16.39995,0.04449818
16.49995,0.03249563
16.59995,0.02136484
16.69995,0.01986288
16.79995,0.05348974
16.89995,0.04195620
16.99995,0.02586509
17.09995,0.02189672
17.19995,0.38284922
17.29995,0.21439338
17.39995,0.24351984
17.49995,0.02357582
17.59995,0.02218012
17.69995,0.04877974
17.79995,0.02463546
17.89995,0.01968513
17.99995,0.02088753
18.09995,0.02021033
18.19995,0.04064798
18.29995,0.03271660
18.39995,0.03209648
18.49995,0.02490380
18.59995,0.02180352
18.69995,0.02016890
18.79995,0.01995886
18.89995,0.02025971
18.99995,0.02076289
19.09995,0.02134801
19.19995,0.02101739
19.29995,0.02183075
19.39995,0.03517525
19.49995,0.04241420
19.59995,0.05497592
19.69995,0.18911745
19.79995,0.21281534
19.89995,0.34150076
19.99995,0.16625878
20.09995,0.19514301
20.19995,0.17925417
20.29995,0.17504653
20.39995,0.32899132
20.49995,0.27790341
20.59995,0.17243129
20.69995,0.34221685
20.79995,0.21384691
20.89995,0.09889902
20.99995,0.10872161
21.09995,0.37337428
21.19995,0.34399426
21.29995,0.12711193
21.39995,0.33465284
21.49995,0.63027912
21.59995,0.67099345
21.69995,0.23534948
21.79995,0.25837332
21.89995,0.28856000
21.99995,0.17055434
22.09995,0.26466677
22.19995,0.22288351
22.29995,0.08710558
22.39995,0.22214067
22.49995,0.16655418
22.59995,0.27070338
22.69995,0.17731592
22.79995,0.06066063
22.89995,0.02641797
22.99995,0.35127217
23.09995,0.51078445
23.19995,0.13048726
23.29995,0.53351659
23.39995,0.25784111
23.49995,0.22432107
23.59995,0.38035947
23.69995,0.18359923
23.79995,0.21588904
23.89995,0.12176508
23.99995,0.35404700
24.09995,0.48234737
24.19995,0.23306634
24.29995,0.36841443
24.39995,0.54048806
24.49995,0.27967125
24.59995,0.34380066
24.69995,0.21430835
24.79995,0.16902134
24.89995,0.18560079
24.99995,0.35919958
25.09995,0.34388381
25.19995,0.34634846
25.29995,0.22036681
25.39995,0.26303303
25.49995,0.30049360
25.59995,0.38712499
25.69995,0.44554812
25.79995,0.35828426
25.89995,0.10037007
25.99995,0.03048606
26.09995,0.03933968
26.19995,0.02810198
26.29995,0.22553775
26.39995,0.21330716
26.49995,0.08217523
26.59995,0.49850631
26.69995,0.24940857
26.79995,0.31078500
26.89995,0.23157299
26.99995,0.39502090
27.09995,0.20874420
27.19995,0.11568778
27.29995,0.05127671
27.39995,0.02590676
27.49995,0.02482152
27.59995,0.02547095
27.69995,0.03636093
27.79995,0.38171294
27.89995,0.25611666
27.99995,0.32163429
28.09995,0.33614546
28.19995,0.46815020
28.29995,0.20742054
28.39995,0.29817960
28.49995,0.22622280
28.59995,0.26819780
28.69995,0.29662228
28.79995,0.38538775
28.89995,0.49815401
28.99995,0.51413059
29.09995,0.05266295
29.19995,0.35433295
29.29995,0.32904184
29.39995,0.19756366
29.49995,0.02348807
29.59995,0.02562858
29.69995,0.01959308
29.79995,0.02411252
29.89995,0.02159041
29.99995,0.02023513
30.09995,0.02262045
30.19995,0.04977717
30.29995,0.03067753
30.39995,0.01932497
30.49995,0.02061738
30.59995,0.06072905
30.69995,0.14746784
30.79995,0.02051162
30.89995,0.02542823
30.99995,0.02145561
31.09995,0.13109115
31.19995,0.03028805
31.29995,0.02280533
31.39995,0.01632892
31.49995,0.03279885
31.59995,0.02084602
31.69995,0.01997698
31.79995,0.02012166
31.89995,0.02038080
31.99995,0.02076579
32.09995,0.02156319
32.19995,0.02003768
32.29995,0.01971664
32.39995,0.02295414
32.49995,0.01853354
32.59995,0.01855313
32.69995,0.02518411
32.79995,0.02059489
32.89995,0.02008621
32.99995,0.02010944
33.09995,0.02278498
33.19995,0.02398195
33.29995,0.02596750
33.39995,0.02391774
33.49995,0.02523089
33.59995,0.03653686
33.69995,0.02228905
33.79995,0.02291196
33.89995,0.07075322
33.99995,0.14067999
34.09995,0.12359913
34.19995,0.04991322
34.29995,0.04562790
34.39995,0.02909058
34.49995,0.02204548
34.59995,0.02018545
34.69995,0.02178170
34.79995,0.02310796
34.89995,0.02448391
34.99995,0.02515554
35.09995,0.02417684
35.19995,0.02718536
35.29995,0.02865277
35.39995,0.02972454
35.49995,0.03169348
35.59995,0.03271274
35.69995,0.03518577
35.79995,0.03764582
35.89995,0.03935713
35.99995,0.04088378
36.09995,0.04195553
36.19995,0.04401197
36.29995,0.23265146
36.39995,0.29514280
36.49995,0.29891077
36.59995,0.30167088
36.69995,0.33281678
36.79995,0.34169838
36.89995,0.31166220
36.99995,0.33864978
37.09995,0.18987824
37.19995,0.23244268
37.29995,0.16333306
37.39995,0.06898852
37.49995,0.04766771
37.59995,0.03933808
37.69995,0.34877789
37.79995,0.54678029
37.89995,0.35556921
37.99995,0.16714039
38.09995,0.44565314
38.19995,0.29166701
38.29995,0.34766477
38.39995,0.13855425
38.49995,0.29350644
38.59995,0.35674274
38.69995,0.32989398
38.79995,0.36721072
38.89995,0.22824198
38.99995,0.16373913
39.09995,0.48974472
39.19995,0.40121207
39.29995,0.54305845
39.39995,0.51437092
39.49995,0.23979668
39.59995,0.21789934
39.69995,0.34447044
39.79995,0.23211780
39.89995,0.25213575
39.99995,0.36155623
40.09995,0.27765191
40.19995,0.05396178
40.29995,0.03371070
40.39995,0.02078946
40.49995,0.02044205
40.59995,0.18140231
40.69995,0.14936516
40.79995,0.36177948
40.89995,0.36635113
40.99995,0.30975294
41.09995,0.44371641
41.19995,0.16898119
41.29995,0.41558632
41.39995,0.25231713
41.49995,0.51207542
41.59995,0.28841844
41.69995,0.49020067
41.79995,0.36751124
41.89995,0.16854914
41.99995,0.25705910
42.09995,0.19674832
42.19995,0.32861057
42.29995,0.48829663
42.39995,0.43753418
42.49995,0.38434523
42.59995,0.07923815
42.69995,0.13937664
42.79995,0.07655802
42.89995,0.08679634
42.99995,0.17686884
43.09995,0.15596551
43.19995,0.10597005
43.29995,0.12617923
43.39995,0.25591293
43.49995,0.41247192
43.59995,0.06832413
43.69995,0.26510182
43.79995,0.32577989
43.89995,0.26481110
43.99995,0.27032456
44.09995,0.35333601
44.19995,0.40722784
44.29995,0.40561834
44.39995,0.18120690
44.49995,0.28458905
44.59995,0.35921893
44.69995,0.42708221
44.79995,0.22654347
44.89995,0.04488374
44.99995,0.34782925
45.09995,0.35600168
45.19995,0.40969336
45.29995,0.41135871
45.39995,0.05735223
45.49995,0.41913065
45.59995,0.56920177
45.69995,0.45327505
45.79995,0.10137868
45.89995,0.36012435
45.99995,0.13150334
46.09995,0.36470050
46.19995,0.09026581
46.29995,0.26761097
46.39995,0.34627065
46.49995,0.36029780
46.59995,0.34852403
46.69995,0.41075796
46.79995,0.21076791
46.89995,0.05861682
46.99995,0.21045744
47.09995,0.07845848
47.19995,0.20082204
47.29995,0.10702636
47.39995,0.03637708
47.49995,0.03097767
47.59995,0.02876356
47.69995,0.02780493
47.79995,0.02631769
47.89995,0.02704578
47.99995,0.31522056
48.09995,0.17161936
48.19995,0.13923842
48.29995,0.38269562
48.39995,0.34769228
48.49995,0.25167793
48.59995,0.35724074
48.69995,0.33784434
48.79995,0.33365470
48.89995,0.18744020
48.99995,0.63540000
49.09995,0.46551418
49.19995,0.29898927
49.29995,0.31406161
49.39995,0.10882687
49.49995,0.22693489
49.59995,0.07220513
49.69995,0.35061890
49.79995,0.43295678
49.89995,0.36095044
49.99995,0.24554485
50.09995,0.09920778
50.19995,0.05803529
50.29995,0.04257622
50.39995,0.04856522
50.49995,0.29134214
50.59995,0.39150816
50.69995,0.21859790
50.79995,0.10577232
50.89995,0.33256060
50.99995,0.27355427
51.09995,0.24389407
51.19995,0.13667472
51.29995,0.08093644
51.39995,0.03587124
51.49995,0.02781064
51.59995,0.02789793
51.69995,0.02833091
51.79995,0.06140179
51.89995,0.25561577
51.99995,0.03476834
52.09995,0.02956023
52.19995,0.02621486
52.29995,0.02647062
52.39995,0.02499834
52.49995,0.02673339
52.59995,0.02578568
52.69995,0.02888857
52.79995,0.03173274
52.89995,0.03381094
52.99995,0.03691104
53.09995,0.04230824
53.19995,0.04136091
53.29995,0.04311461
53.39995,0.04833587
53.49995,0.04884970
53.59995,0.05171184
53.69995,0.05281467
53.79995,0.05374573
53.89995,0.05297102
53.99995,0.05245109
54.09995,0.05237136
54.19995,0.05070911
54.29995,0.05041096
54.39995,0.04898717
54.49995,0.04781989
54.59995,0.04456260
54.69995,0.04471807
54.79995,0.04169912
54.89995,0.03888779
54.99995,0.03542615
55.09995,0.03299999
55.19995,0.04472262
55.29995,0.04635504
55.39995,0.02935644
55.49995,0.02534143
55.59995,0.02225913
55.69995,0.01986890
55.79995,0.01904465
55.89995,0.01840096
55.99995,0.01576548
56.09995,0.01758505
56.19995,0.01602922
56.29995,0.01791252
56.39995,0.01657944
56.49995,0.01828225
56.59995,0.01971912
56.69995,0.02236470
56.79995,0.02385389
56.89995,0.02549698
56.99995,0.02734447
57.09995,0.38096192
57.19995,0.41470835
57.29995,0.61318737
57.39995,0.45576194
57.49995,0.48732552
57.59995,0.36594838
57.69995,0.53978902
57.79995,0.79795897
57.89995,0.83382338
57.99995,0.52842683
58.09995,0.41121197
58.19995,0.32305741
58.29995,0.38199860
58.39995,0.42509592
58.49995,0.20377594
58.59995,0.71718132
58.69995,0.51978165
58.79995,0.47209653
58.89995,0.95261031
58.99995,0.76694191
59.09995,1.00455225
59.19995,0.61053896
59.29995,0.64629245
59.39995,0.77668321
59.49995,0.26600561
59.59995,0.06183812
59.69995,0.23598762
59.79995,0.66761106
59.89995,0.47969359
59.99995,0.47537586
01:00.09995,0.65092903
01:00.19995,0.70813960
01:00.29995,0.05493017
01:00.39995,0.46628100
01:00.49995,0.52009857
01:00.59995,0.54165643
01:00.69995,0.83414805
01:00.79995,0.44345331
01:00.89995,0.79415095
01:00.99995,0.65824407
01:01.09995,0.62990177
01:01.19995,0.28089693
01:01.29995,0.42499891
01:01.39995,0.41715530
01:01.49995,0.23435779
01:01.59995,0.04065114
01:01.69995,0.22613807
01:01.79995,0.51849103
01:01.89995,0.22078502
01:01.99995,0.32977238
